                  method   est  mcse lower upper
27                  SL.u 0.952 0.010 0.933 0.971
41                TMLE.u 0.952 0.010 0.933 0.971
13                  PS.u 0.942 0.010 0.922 0.962
223 DC.TMLE.kitchen.sink 0.932 0.011 0.910 0.954
195           LASSO.TMLE 0.930 0.011 0.908 0.952
209      hdPS.LASSO.TMLE 0.926 0.012 0.903 0.949
181            hdPS.TMLE 0.922 0.012 0.898 0.946
111      SL.kitchen.sink 0.916 0.012 0.892 0.940
139             LASSO.SL 0.916 0.012 0.892 0.940
153        hdPS.LASSO.SL 0.914 0.013 0.889 0.939
167    TMLE.kitchen.sink 0.914 0.013 0.889 0.939
125              hdPS.SL 0.912 0.013 0.887 0.937
97            hdPS.LASSO 0.898 0.014 0.871 0.925
55       PS.kitchen.sink 0.894 0.014 0.867 0.921
83                 LASSO 0.894 0.014 0.867 0.921
69                  hdPS 0.892 0.014 0.865 0.919
