                  method    est  mcse  lower  upper
34                TMLE.u  0.058 0.001  0.057  0.060
20                  SL.u  0.053 0.001  0.051  0.054
6                   PS.u  0.051 0.001  0.049  0.052
216 DC.TMLE.kitchen.sink  0.000 0.000 -0.001  0.001
160    TMLE.kitchen.sink -0.001 0.001 -0.002  0.000
188           LASSO.TMLE -0.001 0.001 -0.002  0.000
174            hdPS.TMLE -0.002 0.001 -0.003 -0.001
202      hdPS.LASSO.TMLE -0.002 0.001 -0.003 -0.001
104      SL.kitchen.sink -0.005 0.001 -0.007 -0.004
132             LASSO.SL -0.005 0.001 -0.006 -0.004
76                 LASSO -0.006 0.001 -0.008 -0.005
48       PS.kitchen.sink -0.007 0.001 -0.008 -0.006
118              hdPS.SL -0.007 0.001 -0.008 -0.005
146        hdPS.LASSO.SL -0.007 0.001 -0.008 -0.005
62                  hdPS -0.008 0.001 -0.009 -0.007
90            hdPS.LASSO -0.008 0.001 -0.009 -0.007
