                  method   est  mcse lower upper
222 DC.TMLE.kitchen.sink 0.928 0.012 0.905 0.951
194           LASSO.TMLE 0.926 0.012 0.903 0.949
180            hdPS.TMLE 0.922 0.012 0.898 0.946
208      hdPS.LASSO.TMLE 0.918 0.012 0.894 0.942
166    TMLE.kitchen.sink 0.912 0.013 0.887 0.937
138             LASSO.SL 0.896 0.014 0.869 0.923
110      SL.kitchen.sink 0.888 0.014 0.860 0.916
82                 LASSO 0.874 0.015 0.845 0.903
152        hdPS.LASSO.SL 0.874 0.015 0.845 0.903
124              hdPS.SL 0.864 0.015 0.834 0.894
96            hdPS.LASSO 0.860 0.016 0.830 0.890
54       PS.kitchen.sink 0.854 0.016 0.823 0.885
68                  hdPS 0.854 0.016 0.823 0.885
12                  PS.u 0.162 0.016 0.130 0.194
26                  SL.u 0.132 0.015 0.102 0.162
40                TMLE.u 0.042 0.009 0.024 0.060
