                  method   est  mcse lower upper
27                  SL.u 0.964 0.008 0.948 0.980
13                  PS.u 0.942 0.010 0.922 0.962
111      SL.kitchen.sink 0.922 0.012 0.898 0.946
125              hdPS.SL 0.922 0.012 0.898 0.946
153        hdPS.LASSO.SL 0.920 0.012 0.896 0.944
139             LASSO.SL 0.916 0.012 0.892 0.940
97            hdPS.LASSO 0.898 0.014 0.871 0.925
55       PS.kitchen.sink 0.894 0.014 0.867 0.921
83                 LASSO 0.894 0.014 0.867 0.921
69                  hdPS 0.892 0.014 0.865 0.919
223 DC.TMLE.kitchen.sink 0.830 0.017 0.797 0.863
181            hdPS.TMLE 0.774 0.019 0.737 0.811
167    TMLE.kitchen.sink 0.768 0.019 0.731 0.805
209      hdPS.LASSO.TMLE 0.764 0.019 0.727 0.801
195           LASSO.TMLE 0.762 0.019 0.725 0.799
41                TMLE.u 0.746 0.019 0.708 0.784
